a493;2	431	a6;3	4	4
a224;2	208	a3;4	1	3
a34;4	31	a472;4	413	3
a572;2	498	a63;3	58	3
a15;17	13	a415;4	375	3
a15;17	13	a803;2	701	3
a530;11	463	a629;3	550	3
a626;3	548	a675;2	591	3
a580;2	504	a604;2	527	3
a307;18	279	a415;4	375	3
a138;2	131	a472;4	413	2
a364;2	330	a488;2	426	2
a859;2	750	a863;2	754	2
a35;2	32	a767;2	668	2
a391;3	355	a62;2	57	2
a257;2	237	a584;2	508	2
a104;5	99	a37;4	33	2
a775;2	676	a84;2	79	2
a45;2	41	a70;2	65	2
a667;2	584	a745;2	648	2
a47;2	43	a552;2	484	2
a115;4	109	a879;2	769	1
a496;2	434	a880;2	770	1
a383;2	347	a78;3	73	1
a251;3	231	a577;3	501	1
a302;2	276	a361;2	328	1
a322;2	293	a348;2	317	1
a638;2	557	a778;2	679	1
a200;2	186	a599;2	522	1
a27;2	25	a859;2	750	1
a20;6	18	a79;3	74	1
a187;3	173	a665;2	582	1
a538;2	471	a602;2	525	1
a469;2	410	a97;3	92	1
a48;3	44	a56;2	51	1
a560;2	491	a566;2	494	1
a346;2	315	a855;2	746	1
a472;4	413	a657;2	574	1
a236;2	218	a915;2	800	1
a195;2	181	a542;3	474	1
a57;2	52	a734;2	639	1
a138;2	131	a188;2	174	1
a579;2	503	a831;3	727	1
a267;2	246	a69;4	64	1
a825;2	721	a918;2	803	1
a27;2	25	a863;2	754	1
a112;2	106	a430;2	386	1
a120;2	113	a672;3	589	1
a15;17	13	a307;18	279	1
