a16;14	13	a747;7	628	7
a311;10	273	a458;3	395	6
a602;3	502	a71;3	62	5
a499;4	419	a606;3	505	4
a24;3	19	a93;2	84	4
a612;3	511	a835;3	705	4
a1;6	0	a290;5	255	3
a1;6	0	a90;5	81	3
a180;2	161	a853;2	719	3
a1;6	0	a398;2	350	3
a283;3	251	a499;4	419	3
a552;9	461	a87;6	78	3
a192;9	172	a274;2	243	3
a257;2	226	a691;3	580	3
a192;9	172	a396;2	349	2
a16;14	13	a311;10	273	2
a16;14	13	a458;3	395	2
a505;2	424	a68;2	59	2
a585;3	488	a893;2	753	2
a323;2	284	a394;2	347	2
a674;2	564	a771;3	647	2
a546;2	456	a965;2	807	2
a189;3	170	a196;3	176	2
a25;2	20	a605;3	504	2
a1;6	0	a686;2	575	2
a721;2	606	a731;2	614	2
a45;3	38	a805;2	676	2
a709;2	597	a846;2	713	2
a615;2	514	a959;2	803	2
a525;2	441	a555;2	462	2
a508;3	426	a523;2	439	2
a546;2	456	a685;2	574	1
a741;2	623	a790;3	663	1
a110;3	99	a719;2	604	1
a600;2	500	a870;3	734	1
a803;2	674	a897;3	757	1
a290;5	255	a686;2	575	1
a708;2	596	a858;2	723	1
a147;3	132	a270;2	239	1
a234;2	209	a84;4	75	1
a308;2	271	a601;2	501	1
a70;2	61	a721;2	606	1
a502;2	421	a849;2	716	1
a322;2	283	a426;2	374	1
a519;3	436	a89;2	80	1
a334;2	293	a55;2	47	1
a63;2	54	a749;2	630	1
a692;2	581	a74;2	65	1
a143;2	129	a366;3	319	1
a654;2	545	a914;2	766	1
a283;3	251	a606;3	505	1
a32;3	27	a390;2	343	1
a320;3	281	a330;3	289	1
a147;3	132	a410;2	361	1
a1;6	0	a762;2	640	1
a45;3	38	a673;3	563	1
a118;2	106	a774;2	650	1
